epoch 1 	 loss 2.4251511096954346
[6 0 5 3 8 2 0 1 0 7 4 8 3 2 7 6 6 7 7 8 6 8 4 0 9 3 3 0 3 9 6 8]
[5 5 5 5 5 5 5 5 5 5 5 5 5 5 5 5 5 5 5 5 5 5 5 5 5 5 5 5 5 5 5 5]
correct: 1

epoch 2 	 loss 2.215390920639038
[6 0 5 3 8 2 0 1 0 7 4 8 3 2 7 6 6 7 7 8 6 8 4 0 9 3 3 0 3 9 6 8]
[5 3 6 3 5 3 3 6 3 3 5 3 3 6 5 6 6 6 6 3 3 6 3 6 6 6 5 6 5 3 6 3]
correct: 5

epoch 3 	 loss 2.053927183151245
[6 0 5 3 8 2 0 1 0 7 4 8 3 2 7 6 6 7 7 8 6 8 4 0 9 3 3 0 3 9 6 8]
[6 6 6 3 6 3 3 6 6 3 6 3 3 6 6 6 6 6 6 8 6 8 3 6 6 6 3 6 3 3 6 3]
correct: 11

epoch 4 	 loss 2.041011095046997
[6 0 5 3 8 2 0 1 0 7 4 8 3 2 7 6 6 7 7 8 6 8 4 0 9 3 3 0 3 9 6 8]
[6 6 8 3 8 6 3 8 6 3 8 8 3 8 6 8 6 6 7 8 6 8 3 8 6 8 3 8 3 8 0 8]
correct: 13

epoch 5 	 loss 2.027067184448242
[6 0 5 3 8 2 0 1 0 7 4 8 3 2 7 6 6 7 7 8 6 8 4 0 9 3 3 0 3 9 6 8]
[6 8 8 3 8 8 8 8 8 7 8 8 3 8 7 8 6 7 7 8 6 8 3 8 6 8 3 8 3 8 6 8]
correct: 17

epoch 6 	 loss 1.8464165925979614
[6 0 5 3 8 2 0 1 0 7 4 8 3 2 7 6 6 7 7 8 6 8 4 0 9 3 3 0 3 9 6 8]
[6 7 7 3 8 2 8 8 6 7 8 8 3 8 7 6 6 7 7 8 6 8 3 8 7 8 3 8 3 9 6 8]
correct: 20

epoch 7 	 loss 1.6899901628494263
[6 0 5 3 8 2 0 1 0 7 4 8 3 2 7 6 6 7 7 8 6 8 4 0 9 3 3 0 3 9 6 8]
[6 6 6 3 8 2 6 1 6 7 4 8 3 2 7 6 6 7 7 8 6 8 4 6 9 3 3 6 3 9 6 8]
correct: 26

epoch 8 	 loss 1.5970592498779297
[6 0 5 3 8 2 0 1 0 7 4 8 3 2 7 6 6 7 7 8 6 8 4 0 9 3 3 0 3 9 6 8]
[6 5 6 3 5 2 5 5 5 5 4 5 3 2 5 6 6 7 5 5 6 5 4 5 9 3 3 5 3 9 6 5]
correct: 17

epoch 9 	 loss 1.3288625478744507
[6 0 5 3 8 2 0 1 0 7 4 8 3 2 7 6 6 7 7 8 6 8 4 0 9 3 3 0 3 9 6 8]
[6 0 5 3 8 2 0 1 0 7 4 8 3 2 7 6 6 7 7 8 6 8 4 0 9 3 3 0 3 9 6 8]
correct: 32

done